ISS (ZARYA)             
1 25544U 98067A   22165.35708090  .00006653  00000+0  12446-3 0  9997
2 25544  51.6447 350.6047 0004300 236.5776 183.2892 15.49993677344742
SIMPL                   
1 42983U 98067NF  22165.17976716  .00156554  21093-4  34677-3 0  9991
2 42983  51.6263 198.9116 0006667 357.6703   2.4274 15.97600767264416
AEROCUBE 12A            
1 43556U 18046C   22164.47715537  .00017042  00000+0  44199-3 0  9999
2 43556  51.6354 203.2480 0008402  20.0642 340.0671 15.39076393218701
AEROCUBE 12B            
1 43557U 18046D   22165.12423956  .00014115  00000+0  39054-3 0  9996
2 43557  51.6359 204.5010 0008245  20.1954 339.9354 15.37232955218691
LEMUR-2-VU              
1 43558U 18046E   22165.19644245  .00029594  00000+0  59331-3 0  9997
2 43558  51.6360 182.2173 0009524  25.1403 335.0047 15.46415975219042
LEMUR-2-ALEXANDER       
1 43559U 18046F   22164.77187020  .00022606  00000+0  44501-3 0  9994
2 43559  51.6357 182.4108 0009575  23.7625 336.3803 15.47105579218786
LEMUR-2-YUASA           
1 43560U 18046G   22164.77773572  .00020645  00000+0  41627-3 0  9996
2 43560  51.6370 184.6726 0009321  27.7332 332.4151 15.46469448218972
LEMUR-2-TOMHENDERSON    
1 43561U 18046H   22164.88805046  .00016701  00000+0  35928-3 0  9996
2 43561  51.6371 186.8679 0008539  33.7044 326.4485 15.44730704218519
ISS DEB (SEDA-AP)       
1 43870U 98067PU  22165.17717429  .00081647  00000+0  35626-3 0  9996
2 43870  51.6302 247.7618 0005230 311.6263  48.4292 15.83997640198401
ISS DEB                 
1 44303U 98067QA  22164.70600172  .00249399  35640-4  60608-3 0  9993
2 44303  51.6269 273.3546 0006431 311.6813  48.3645 15.95772174173304
ISS DEB                 
1 44306U 98067QD  22165.18416922  .06123084  12423-4  54934-3 0  9994
2 44306  51.6117 261.9288 0009363 309.9156  50.1046 16.38064227173501
RED-EYE 1 (PINOT)       
1 44364U 98067QJ  22164.81138457  .00197296  25569-4  60189-3 0  9995
2 44364  51.6327 275.6482 0006000 290.6488  69.3875 15.91558125168874
STPSAT-4                
1 45043U 98067QY  22164.72945687  .00086634  00000+0  56569-3 0  9999
2 45043  51.6367 315.7701 0004098 227.5373 132.5280 15.75105145134913
PHOENIX                 
1 45258U 98067RB  22163.82960323  .11428466  12633-4  25365-3 0  9996
2 45258  51.6194 294.3376 0009579 296.6520  63.3527 16.45855778131755
SORTIE                  
1 45264U 98067RH  22165.10854048  .00100689  00000+0  58133-3 0  9993
2 45264  51.6397 308.5993 0004136 231.9023 128.1605 15.77837458131716
ICS-EF (ISS DEB)        
1 45265U 98067RJ  22164.75384296  .00028968  00000+0  32787-3 0  9993
2 45265  51.6380 330.9405 0004760 184.7110 175.3840 15.62169026131067
RED-EYE 2 (MERLOT)      
1 45800U 98067RM  22164.71072896  .00058462  00000+0  49106-3 0  9999
2 45800  51.6397 323.2227 0002881 216.4311 143.6490 15.69318832113028
RED-EYE 3 (CABERNET)    
1 45809U 98067RN  22164.90393759  .00054309  00000+0  45720-3 0  9997
2 45809  51.6398 322.2660 0003026 209.3702 150.7126 15.69294485112037
SPOC                    
1 46921U 98067RR  22164.72980145  .00617568  18845-3  98955-3 0  9994
2 46921  51.6238 306.6057 0010971 305.1886  54.8097 16.02892884 91422
NEUTRON-1               
1 46923U 98067RT  22164.83924833  .00559816  15438-3  91152-3 0  9998
2 46923  51.6246 306.6029 0010886 306.6432  53.3577 16.02626651 91468
DESCENT                 
1 46927U 98067RX  22163.64333681  .00837331  40229-3  84732-3 0  9998
2 46927  51.6241 311.3300 0012781 305.3261  54.6557 16.10180088 91206
ISS DEB                 
1 47853U 98067RZ  22164.85939852  .00008948  00000+0  14475-3 0  9993
2 47853  51.6424 348.2274 0001853   3.1667 356.9335 15.53640555 71350
RSP-01                  
1 47925U 98067SB  22159.97733955  .03925807  12084-4  94924-3 0  9998
2 47925  51.6203 339.3535 0014703 285.6985  74.2415 16.28293158 70538
TSURU                   
1 47927U 98067SD  22164.14840595  .00338848  55102-4  95432-3 0  9997
2 47927  51.6304 323.8210 0008907 282.1048  77.8961 15.92916479 71119
MAYA-2                  
1 47929U 98067SF  22164.84842068  .00353166  58888-4  10034-2 0  9991
2 47929  51.6292 320.2460 0008953 288.9399  71.0638 15.92742167 71184
GUARANISAT-1            
1 47931U 98067SH  22164.44620695  .00355672  59927-4  98225-3 0  9998
2 47931  51.6277 322.0695 0009051 289.7612  70.2419 15.93277806 71167
MMSATS-1                
1 47976U 98067SJ  22164.92806459  .00020020  00000+0  25956-3 0  9994
2 47976  51.6457 342.6418 0001043   2.5660 357.5370 15.58848568 69719
TIANHE                  
1 48274U 21035A   22165.15833794  .00014829  00000+0  18101-3 0  9999
2 48274  41.4717 237.3468 0004820 274.0189 284.0151 15.60134824 64295
ISS DEB                 
1 48833U 98067SK  22164.85261204  .00048849  00000+0  50560-3 0  9990
2 48833  51.6373 340.6240 0000834 285.6170  74.4733 15.64215494 58592
RAMSAT                  
1 48850U 98067SL  22163.95309779  .00069679  00000+0  57381-3 0  9991
2 48850  51.6376 340.6219 0000067 107.3895 252.7110 15.69729066 56624
BD-28                   
1 48867U 98067SN  22164.20440806  .00103806  00000+0  72708-3 0  9996
2 48867  51.6331 336.9974 0001681 222.3607 137.7262 15.73411074 55442
ISS (NAUKA)             
1 49044U 21066A   22164.52395760  .00005936  00000+0  11198-3 0  9993
2 49044  51.6450 354.7314 0004342 232.1899 215.8096 15.49979136344611
TIANZHOU-3              
1 49222U 21085A   22164.43781733  .00014256  00000+0  17433-3 0  9994
2 49222  41.4717 241.7282 0005048 267.9587 198.0246 15.60110485 64182
FREGAT DEB              
1 49271U 11037PF  22164.87842758 -.00015957  00000+0 -99062-1 0  9994
2 49271  51.6162 242.7537 0775050  37.2799 327.9333 11.87826639 46761
BINAR-1                 
1 49272U 98067SR  22165.17789695  .00084963  00000+0  69877-3 0  9991
2 49272  51.6347 338.2743 0004662 272.7228  87.3235 15.69668657 39155
MAYA-3                  
1 49273U 98067SS  22164.70989447  .00183053  00000+0  99563-3 0  9992
2 49273  51.6316 336.6172 0007050 273.7834  86.2361 15.78865658 39134
MAYA-4                  
1 49274U 98067ST  22164.79644778  .00164998  00000+0  92593-3 0  9990
2 49274  51.6348 336.4468 0006483 270.1268  89.8990 15.78231055 39143
CUAVA-1                 
1 49275U 98067SU  22165.20500898  .00091017  00000+0  61932-3 0  9996
2 49275  51.6366 335.8172 0004408 279.7260 252.7981 15.74130959 39138
CAPSAT                  
1 49276U 98067SV  22164.76789713  .00099344  00000+0  78812-3 0  9998
2 49276  51.6386 340.8074 0004765 275.3371  84.7083 15.70470371 38146
PR-CUNAR 2              
1 49277U 98067SW  22164.00296802  .00115086  00000+0  80712-3 0  9992
2 49277  51.6293 343.1141 0005743 272.1982  87.8359 15.73318712 38014
1998-067TD              
1 51441U 98067TD  22164.87068375  .00052876  00000+0  60817-3 0  9996
2 51441  51.6387 347.4919 0007849 219.6994 140.3426 15.61441866 21614
PATCOOL                 
1 51442U 98067TE  22164.78625042  .00056419  00000+0  64043-3 0  9999
2 51442  51.6374 347.6669 0007813 224.3785 135.6584 15.61756111 21565
DAILI                   
1 51443U 98067TF  22164.77283232  .00577814  14060-3  18134-2 0  9991
2 51443  51.6305 339.2521 0011971 262.3116  97.6531 15.90717575 21634
LIGHT-1                 
1 51509U 98067TG  22164.77745194  .00042924  00000+0  54817-3 0  9997
2 51509  51.6404 349.1244 0008884 214.0580 145.9843 15.58779204 20326
GT-1                    
1 51510U 98067TH  22165.18165710  .01338058  10304-2  20860-2 0  9993
2 51510  51.6261 336.6924 0016916 285.2315  74.6826 16.03344877 20544
PROGRESS-MS 19          
1 51660U 22014A   22164.52395760  .00005936  00000+0  11198-3 0  9994
2 51660  51.6450 354.7314 0004342 232.1899 215.8096 15.49979136344618
CYGNUS NG-17            
1 51712U 22015A   22164.52395760  .00005936  00000+0  11198-3 0  9993
2 51712  51.6450 354.7314 0004342 232.1899 215.8096 15.49979136344616
SOYUZ-MS 21             
1 52086U 22028A   22164.52395760  .00005936  00000+0  11198-3 0  9992
2 52086  51.6450 354.7314 0004342 232.1899 215.8096 15.49979136344611
IHI-SAT                 
1 52147U 98067TJ  22164.25999429  .00036767  00000+0  51704-3 0  9991
2 52147  51.6393 353.9073 0004387 252.5257 107.5255 15.56303165 12663
KITSUNE                 
1 52148U 98067TK  22165.17589436  .00017933  00000+0  27517-3 0  9996
2 52148  51.6449 350.0386 0003635 235.5622 238.9355 15.54359634 12731
CREW DRAGON 4           
1 52318U 22042A   22164.52395760  .00005936  00000+0  11198-3 0  9996
2 52318  51.6450 354.7314 0004342 232.1899 215.8096 15.49979136344619
ISS DEB                 
1 52329U 98067TM  22155.70557066  .00203167  00000+0  19429-2 0  9997
2 52329  51.6396  36.4065 0012472 210.6852 205.5495 15.65431075  5795
TIANZHOU-4              
1 52509U 22050A   22164.43781733  .00014256  00000+0  17433-3 0  9999
2 52509  41.4717 241.7282 0005048 267.9587 198.0246 15.60110485 64184
PROGRESS-MS 20          
1 52795U 22059A   22164.52395760  .00005936  00000+0  11198-3 0  9993
2 52795  51.6450 354.7314 0004342 232.1899 215.8096 15.49979136344618
SHENZHOU 14             
1 52797U 22060A   22164.43781733  .00014256  00000+0  17433-3 0  9999
2 52797  41.4717 241.7282 0005048 267.9587 198.0246 15.60110485 64183
OBJECT B                
1 52798U 22060B   22165.43865595  .00972420  76436-5  42188-3 0  9993
2 52798  41.4685 231.5624 0071453 196.5147 283.2052 16.15228614  1501
OBJECT E                
1 52801U 22060E   22159.51823971 -.00002422  76598-5  00000+0 0  9991
2 52801  41.4611 271.4403 0051726 128.0561 288.5231 16.09241380   531
OBJECT F                
1 52802U 22060F   22159.71222478  .01647235  75461-5  11327-2 0  9991
2 52802  41.4702 269.0431 0095167 150.3343 210.2956 16.05940010   617
