    0.0000 9.874883e-01   290.2785
    0.5000 9.294308e-01   285.4681
    1.0000 8.739719e-01   282.3282
    1.5000 8.213499e-01   279.4676
    2.0000 7.713564e-01   276.2960
    2.5000 7.239187e-01   273.4798
    3.0000 6.789163e-01   270.2715
    3.5000 6.363346e-01   268.3862
    4.0000 5.962062e-01   267.3922
    4.5000 5.583661e-01   265.0199
    5.0000 5.225788e-01   261.8423
    5.5000 4.886782e-01   258.5017
    6.0000 4.565576e-01   254.8416
    6.5000 4.261108e-01   250.8767
    7.0000 3.972545e-01   246.7692
    7.5000 3.699212e-01   242.7085
    8.0000 3.440426e-01   238.5547
    8.5000 3.195557e-01   234.1679
    9.0000 2.964078e-01   229.7764
    9.5000 2.745476e-01   225.5774
   10.0000 2.539171e-01   221.3113
   10.5000 2.344701e-01   216.8045
   11.0000 2.162736e-01   214.5005
   11.5000 1.994543e-01   216.0410
   12.0000 1.840874e-01   219.0347
   12.5000 1.700504e-01   221.4869
   13.0000 1.571775e-01   222.4569
   13.5000 1.453262e-01   222.7454
   14.0000 1.343835e-01   223.0088
   14.5000 1.242673e-01   223.1298
   15.0000 1.149081e-01   222.9571
   15.5000 1.062510e-01   222.6501
   16.0000 9.824762e-02   222.4710
   16.5000 9.085117e-02   222.6002
   17.0000 8.401518e-02   222.9441
   17.5000 7.769623e-02   223.3515
   18.0000 7.185438e-02   223.6712
   18.5000 6.645286e-02   223.7567
   19.0000 6.145719e-02   223.5778
   19.5000 5.683517e-02   223.2209
   20.0000 5.255737e-02   222.7776
   20.5000 4.859692e-02   222.3393
   21.0000 4.492996e-02   221.9737
   21.5000 4.153596e-02   221.6941
   22.0000 3.839585e-02   221.5065
   22.5000 3.549172e-02   221.4169
   23.0000 3.280677e-02   221.4311
   23.5000 3.032526e-02   221.5552
   24.0000 2.803251e-02   221.7950
   24.5000 2.591534e-02   222.1554
   25.0000 2.396161e-02   222.6404
   25.5000 2.215980e-02   223.2544
   26.0000 2.049902e-02   224.0014
   26.5000 1.896898e-02   224.8852
   27.0000 1.755950e-02   225.8961
   27.5000 1.626068e-02   227.0120
   28.0000 1.506348e-02   228.2104
   28.5000 1.395958e-02   229.4684
   29.0000 1.294139e-02   230.7635
   29.5000 1.200195e-02   232.0730
   30.0000 1.113490e-02   233.3743
   30.5000 1.033441e-02   234.6446
   31.0000 9.595111e-03   235.8615
   31.5000 8.912012e-03   237.0089
   32.0000 8.280419e-03   238.0795
   32.5000 7.696062e-03   239.0667
   33.0000 7.155062e-03   239.9639
   33.5000 6.653896e-03   240.7660
   34.0000 6.189413e-03   241.5009
   34.5000 5.758786e-03   242.2277
   35.0000 5.359419e-03   243.0071
   35.5000 4.988925e-03   243.8995
   36.0000 4.645142e-03   244.9557
   36.5000 4.326268e-03   246.1636
   37.0000 4.030670e-03   247.4864
   37.5000 3.756797e-03   248.8874
   38.0000 3.503176e-03   250.3298
   38.5000 3.268414e-03   251.7768
   39.0000 3.051197e-03   253.1918
   39.5000 2.850258e-03   254.5388
   40.0000 2.663916e-03   255.7999
   40.5000 2.490303e-03   256.9720
   41.0000 2.327823e-03   258.0528
   41.5000 2.175124e-03   259.0398
   42.0000 2.031072e-03   259.9304
   42.5000 1.894767e-03   260.7230
   43.0000 1.766195e-03   261.4269
   43.5000 1.645817e-03   262.0606
   44.0000 1.533897e-03   262.6425
   44.5000 1.430522e-03   263.1913
   45.0000 1.335635e-03   263.7255
   45.5000 1.249073e-03   264.2637
   46.0000 1.170594e-03   264.8245
   46.5000 1.099905e-03   265.4264
   47.0000 1.036683e-03   266.0881
   47.5000 9.805953e-04   266.8281
   48.0000 9.308900e-04   267.6425
   48.5000 8.857697e-04   268.4646
   49.0000 8.435453e-04   269.2167
   49.5000 8.028094e-04   269.8211
   50.0000 7.624023e-04   270.2000
